2.336741	9.174581	1.532289	1447419519754
2.777274	12.6222315	2.3175871	1447419519763
1.4748282	10.783484	1.8387469	1447419519831
1.2641385	11.224017	0.40222588	1447419519831
6.3206925	3.466804	-0.4213795	1447419519831
0.9959879	9.32781	2.1260512	1447419519853
2.4899697	9.385271	0.9576807	1447419519862
2.3175871	9.308656	1.2258313	1447419519882
2.2218192	9.232041	1.0534488	1447419519902
2.0685902	9.32781	1.1492168	1447419519926
2.3750482	9.308656	1.1875241	1447419519945
2.183512	9.32781	1.0534488	1447419519964
1.7429788	9.155427	1.0534488	1447419519986
2.2026656	9.040505	1.0342951	1447419520004
2.585738	8.42759	1.3215994	1447419520025
2.432509	8.868123	1.091756	1447419520042
2.6240451	9.5385	0.82360536	1447419520063
2.7006595	8.331821	1.5705963	1447419520082
2.1260512	7.680599	1.5705963	1447419520102
0.9576807	6.703765	0.9576807	1447419520125
0.8810662	6.3589997	0.30645782	1447419520144
1.8962077	6.244078	0.90021986	1447419520170
2.1452048	6.9719152	1.2258313	1447419520182
2.873042	8.868123	-0.9576807	1447419520202
3.2369606	8.772355	-0.2873042	1447419520224
1.7046716	7.297527	0.8619126	1447419520243
0.0	6.933608	1.0534488	1447419520262
0.82360536	8.197746	-0.9768343	1447419520283
2.8921957	9.059659	-1.0726024	1447419520302
3.217807	9.80665	0.4213795	1447419520325
3.2944214	10.496181	0.91937345	1447419520345
2.96881	12.50731	1.1875241	1447419520371
1.8004397	14.039598	1.7046716	1447419520382
-1.0342951	9.825804	2.2409728	1447419520402
-0.17238252	9.557653	-2.815581	1447419520422
-0.38307226	9.883265	-2.8538885	1447419520442
1.4556746	12.411542	1.1492168	1447419520462
0.7661445	11.33894	-0.038307227	1447419520482
1.4173675	11.089942	1.1300632	1447419520502
1.934515	9.959879	0.8619126	1447419520522
1.283292	8.389283	0.30645782	1447419520544
2.2409728	6.8761473	-1.8387469	1447419520562
1.0342951	4.6351743	-2.3175871	1447419520582
0.32561144	5.5737014	-2.873042	1447419520607
2.873042	13.081918	-1.4939818	1447419520623
0.2873042	13.101071	-3.5242648	1447419520642
-0.40222588	12.047623	-2.930503	1447419520669
0.1340753	12.277467	0.78529817	1447419520682
-0.51714754	11.147403	1.7429788	1447419520702
-0.5363012	9.825804	-1.1683705	1447419520722
0.40222588	10.0748005	-2.2984335	1447419520742
0.7661445	10.611102	-1.9919758	1447419520762
0.5363012	9.270349	-1.0534488	1447419520788
0.7469909	8.925584	-1.4556746	1447419520802
-0.78529817	10.419566	-1.4173675	1447419520823
-1.4556746	11.587936	-2.1068976	1447419520842
-0.22984336	11.3964	-3.2369606	1447419520862
0.30645782	10.477027	-2.566584	1447419520882
0.80445176	9.634268	-3.083732	1447419520902
1.3024458	8.523358	-0.90021986	1447419520922
3.0071173	7.2209125	-5.746084	1447419520942
1.4556746	7.374141	-1.2449849	1447419520962
0.32561144	7.2783732	0.095768064	1447419520982
0.30645782	9.11712	-0.5363012	1447419521002
0.9576807	6.3206925	4.903325	1447419521022
2.585738	7.929596	-1.6663644	1447419521042
4.098873	8.523358	-2.1068976	1447419521062
0.842759	10.228029	-2.4133554	1447419521082
0.78529817	9.193734	-4.4819455	1447419521102
0.7661445	10.515334	-3.7732618	1447419521122
-0.076614454	11.511322	-1.340753	1447419521148
-0.19153613	10.304645	0.15322891	1447419521162
0.34476504	10.0748005	-0.59376204	1447419521182
1.3215994	9.308656	-1.8962077	1447419521202
0.30645782	8.829816	-1.7429788	1447419521222
1.6089035	10.611102	-1.8962077	1447419521249
0.90021986	10.668563	-0.6512229	1447419521266
0.34476504	8.7532015	0.6703765	1447419521282
0.2681506	7.73806	1.0726024	1447419521302
-0.7661445	7.3549876	0.49799395	1447419521322
-1.7812861	7.52737	-0.2681506	1447419521342
-1.934515	7.1634517	-0.6512229	1447419521365
-0.8619126	6.244078	-0.5554548	1447419521382
0.095768064	3.4093432	0.47884035	1447419521402
0.38307226	4.807557	-2.0685902	1447419521422
2.336741	10.304645	-8.810662	1447419521442
6.3206925	14.633361	-12.488156	1447419521462
-2.7581203	16.836027	-7.374141	1447419521490
-0.8810662	12.660539	-7.144298	1447419521502
0.842759	12.124237	-4.9799395	1447419521522
0.076614454	9.404425	0.34476504	1447419521542
-0.82360536	9.710882	-2.873042	1447419521562
-2.1068976	10.132261	-5.841852	1447419521582
-2.930503	10.6877165	-5.6120086	1447419521602
-1.1683705	9.749189	-2.3558946	1447419521622
-0.17238252	9.11712	-1.1875241	1447419521642
-0.24899697	9.097966	-0.61291564	1447419521662
-0.5554548	9.059659	-1.2449849	1447419521682
-0.51714754	8.734048	-4.4436383	1447419521702
-0.22984336	8.504205	-4.5777135	1447419521722
-0.076614454	7.9870567	-3.8307228	1447419521764
-0.076614454	7.929596	-3.064578	1447419521764
-0.5554548	8.274361	-2.087744	1447419521782
-0.076614454	8.082825	-2.6240451	1447419521802
-0.7086837	8.63828	-3.0262709	1447419521825
-0.80445176	8.465898	-3.3327289	1447419521843
-0.34476504	8.063671	-2.8921957	1447419521862
-0.32561144	8.714894	-2.7006595	1447419521882
-0.2681506	9.11712	-2.815581	1447419521904
-0.61291564	9.730036	-3.1411927	1447419521925
-1.0151415	10.783484	-2.1068976	1447419521943
-1.2641385	8.887277	-2.3175871	1447419521962
-1.3215994	6.3781533	-2.777274	1447419521987
-1.3215994	10.726024	-2.528277	1447419522002
-0.842759	11.204864	-2.336741	1447419522024
-0.36391866	10.553641	-2.1452048	1447419522044
0.019153614	9.730036	-1.7238252	1447419522062
-0.59376204	8.848969	-1.3599066	1447419522084
-0.61291564	8.714894	-0.91937345	1447419522102
-0.5363012	9.270349	-0.5554548	1447419522125
-0.4405331	9.423578	-1.0534488	1447419522145
-1.1109096	9.11712	-1.8770541	1447419522162
-1.1875241	8.848969	-1.8387469	1447419522182
-1.283292	8.772355	-1.4748282	1447419522202
-1.283292	8.791509	-0.9959879	1447419522226
-0.9959879	9.136273	-0.38307226	1447419522245
-1.0726024	8.619126	-0.24899697	1447419522262
-1.3982137	8.063671	-0.91937345	1447419522282
-1.685518	7.5465236	-1.6472107	1447419522302
-0.7278373	7.3549876	-3.6774938	1447419522323
0.6895301	9.423578	-2.4708161	1447419522342
1.532289	10.70687	-0.21068975	1447419522362
1.3215994	11.300632	1.2258313	1447419522383
-1.3982137	13.445837	1.3215994	1447419522402
-1.6089035	11.683704	0.91937345	1447419522422
-0.7661445	8.887277	0.4405331	1447419522442
-0.17238252	8.101978	-0.24899697	1447419522462
1.7621324	9.155427	-0.7086837	1447419522482
2.336741	9.864111	0.80445176	1447419522502
2.5474305	9.959879	1.5705963	1447419522522
1.340753	9.576807	0.40222588	1447419522551
0.47884035	9.193734	-0.45968673	1447419522562
0.05746084	9.3661175	-1.0342951	1447419522582
-0.05746084	9.672575	-1.0151415	1447419522602
0.34476504	9.500193	-0.51714754	1447419522622
0.38307226	9.461885	-0.47884035	1447419522642
0.34476504	9.442732	-0.45968673	1447419522663
0.47884035	9.557653	-0.7086837	1447419522682
0.6703765	9.576807	-0.9576807	1447419522702
0.5746084	9.576807	-1.1492168	1447419522722
0.49799395	9.576807	-1.0534488	1447419522742
0.47884035	9.212888	-0.8619126	1447419522762
0.6703765	8.542512	-0.9576807	1447419522782
0.80445176	8.734048	-0.6703765	1447419522802
0.80445176	9.32781	-0.36391866	1447419522822
0.7661445	9.768343	-0.11492168	1447419522842
0.91937345	10.228029	0.15322891	1447419522862
0.9959879	10.572795	-0.82360536	1447419522882
0.82360536	10.28549	-1.7238252	1447419522902
0.82360536	9.442732	-1.6089035	1447419522922
0.6703765	10.151415	-1.8387469	1447419522942
0.45968673	9.940725	-1.4556746	1447419522962
0.22984336	9.691729	-1.1109096	1447419522982
0.51714754	9.11712	-0.34476504	1447419523002
0.8810662	8.734048	-0.5363012	1447419523022
0.93852705	8.542512	-0.6895301	1447419523050
0.7086837	9.059659	-0.6895301	1447419523062
0.5554548	10.477027	-0.7661445	1447419523082
0.6512229	10.208876	-0.78529817	1447419523102
0.5363012	9.653421	-0.8810662	1447419523122
0.49799395	9.3661175	-0.91937345	1447419523142
0.2681506	9.595961	-1.0342951	1447419523162
0.15322891	9.864111	-1.0151415	1447419523182
0.1340753	9.442732	-0.7086837	1447419523202
0.21068975	9.232041	-0.32561144	1447419523222
0.36391866	9.136273	-0.47884035	1447419523242
0.30645782	9.232041	-0.6512229	1447419523262
0.2681506	9.32781	-0.8810662	1447419523285
0.32561144	9.576807	-0.93852705	1447419523302
0.40222588	10.036493	-1.3982137	1447419523322
0.15322891	9.864111	-1.6663644	1447419523342
-0.11492168	9.519346	-1.5705963	1447419523362
-0.17238252	9.653421	-1.283292	1447419523382
0.019153614	9.768343	-0.9768343	1447419523402
-0.11492168	9.749189	-1.1683705	1447419523422
-0.2681506	9.576807	-1.2449849	1447419523442
-0.095768064	8.829816	-1.3599066	1447419523462
0.24899697	8.599973	-1.4748282	1447419523482
0.4405331	8.523358	-1.091756	1447419523502
0.45968673	8.90643	-0.8619126	1447419523522
0.22984336	9.615114	-0.91937345	1447419523542
0.38307226	9.787497	-1.2641385	1447419523562
0.59376204	9.80665	-0.9576807	1447419523582
0.82360536	9.768343	-0.842759	1447419523602
1.1683705	9.404425	-0.7086837	1447419523622
1.0726024	9.270349	-0.38307226	1447419523642
0.91937345	9.385271	-0.19153613	1447419523662
0.91937345	9.691729	0.0	1447419523682
1.0534488	10.534488	0.038307227	1447419523702
1.5514427	9.002198	0.0	1447419523724
1.3024458	10.323798	-0.45968673	1447419523742
1.3790601	9.557653	-1.0151415	1447419523762
1.4939818	10.304645	-1.3790601	1447419523782
1.5131354	9.615114	0.2873042	1447419523802
1.3790601	9.251195	0.5363012	1447419523824
1.3215994	9.097966	1.1683705	1447419523842
0.45968673	8.714894	2.336741	1447419523862
0.095768064	8.408437	2.0494366	1447419523882
-0.15322891	8.025364	1.7238252	1447419523902
-0.05746084	7.1634517	0.91937345	1447419523922
0.82360536	6.4739213	1.7046716	1447419523949
1.5131354	7.393295	1.4556746	1447419523966
1.1300632	8.542512	0.45968673	1447419523982
0.30645782	9.615114	-0.47884035	1447419524002
0.842759	9.576807	-1.8579005	1447419524022
1.091756	8.714894	-2.7964275	1447419524042
1.3982137	9.136273	-3.1986535	1447419524062
0.7086837	11.81778	-1.9919758	1447419524084
0.05746084	12.832921	-0.49799395	1447419524102
-0.2873042	14.709975	2.5474305	1447419524122
-0.36391866	16.701952	3.6583402	1447419524142
0.095768064	16.146496	-1.4556746	1447419524162
-1.2066777	15.667656	-0.7086837	1447419524182
-2.6623523	16.108189	2.336741	1447419524204
-3.86903	15.840038	4.55856	1447419524231
-5.4779334	13.40753	6.244078	1447419524250
-5.1906295	12.411542	6.2823853	1447419524267
-4.0797195	11.587936	4.6926355	1447419524282
-2.1643584	9.136273	3.4284968	1447419524302
-0.90021986	5.6120086	3.3901896	1447419524322
-1.3790601	4.7884035	4.2904096	1447419524342
-1.6472107	3.7924154	4.8841715	1447419524362
-1.934515	2.0685902	4.003105	1447419524382
-1.9153614	-1.4748282	0.2873042	1447419524402
-1.9153614	-1.8387469	-0.6895301	1447419524422
-0.9576807	-0.91937345	-0.80445176	1447419524442
2.336741	0.019153614	-0.05746084	1447419524462
2.3750482	0.019153614	1.1109096	1447419524483
-0.49799395	1.4173675	3.122039	1447419524503
-3.217807	1.5514427	-0.5554548	1447419524522
-6.205771	22.658726	-2.336741	1447419524542
-7.833828	39.207447	-16.395493	1447419524568
6.2823853	26.776752	-8.350976	1447419524582
5.93762	9.346964	4.6160207	1447419524602
-3.2944214	6.0525417	8.772355	1447419524622
-0.076614454	8.676587	5.3247046	1447419524642
4.060566	13.9438305	1.2641385	1447419524662
7.489063	25.187002	0.63206923	1447419524682
7.431602	15.7825775	-2.432509	1447419524702
-1.0151415	10.936713	2.8538885	1447419524724
-4.596867	8.446744	6.799533	1447419524742
-3.4476504	4.2904096	9.346964	1447419524762
3.4284968	5.0757074	1.0342951	1447419524782
2.7581203	5.0182467	-0.17238252	1447419524802
0.49799395	5.5737014	-2.336741	1447419524822
0.6895301	3.466804	-1.8579005	1447419524847
2.681506	1.5131354	5.401319	1447419524862
1.5131354	1.1683705	4.098873	1447419524882
-0.6895301	3.3901896	3.083732	1447419524902
-1.5514427	12.98615	-0.7661445	1447419524922
0.076614454	22.965183	-0.6703765	1447419524947
0.5746084	37.100548	-1.2641385	1447419524962
1.4939818	34.87873	-3.5817258	1447419524982
3.064578	13.215993	7.9487495	1447419525002
-1.5131354	12.871228	14.690822	1447419525022
-6.9144545	12.143391	14.939818	1447419525042
-9.097966	8.159439	8.772355	1447419525062
-4.156334	1.6089035	2.3558946	1447419525082
-2.834735	2.6623523	7.795521	1447419525103
-0.095768064	4.2521024	6.0716953	1447419525122
1.2641385	5.995081	1.1300632	1447419525148
0.49799395	3.8115692	-4.1371803	1447419525162
-1.3790601	1.2258313	-4.6160207	1447419525182
-1.340753	-0.842759	-3.2561142	1447419525202
1.1109096	-0.9768343	-0.4213795	1447419525222
-2.2601264	-1.2449849	4.156334	1447419525242
-2.0111294	-0.30645782	0.6703765	1447419525262
-4.309563	1.7429788	-0.47884035	1447419525282
-5.707777	3.2369606	-0.1340753	1447419525302
-1.1492168	32.158916	-6.8761473	1447419525322
-2.4516625	32.12061	-10.5919485	1447419525342
2.585738	16.989256	0.6512229	1447419525369
0.7469909	9.232041	13.618219	1447419525382
8.37013	14.671668	11.798626	1447419525402
9.864111	31.316158	7.297527	1447419525422
4.309563	28.117504	1.7429788	1447419525442
-5.1140146	4.8841715	2.930503	1447419525467
-8.101978	4.5394063	0.40222588	1447419525482
-2.8538885	3.0071173	0.7661445	1447419525502
0.36391866	2.8538885	5.209783	1447419525522
4.3287168	5.899313	6.14831	1447419525542
5.9567738	8.159439	0.5363012	1447419525562
6.531382	5.592855	0.2873042	1447419525582
3.7924154	2.6240451	-2.0111294	1447419525602
0.019153614	-1.7238252	-0.5746084	1447419525622
0.5746084	0.7278373	1.9153614	1447419525643
2.087744	10.01734	2.1452048	1447419525662
8.063671	25.76161	-0.59376204	1447419525682
-1.2449849	35.72149	-6.4547677	1447419525702
-4.673482	22.754494	0.51714754	1447419525723
-6.8186865	19.958065	9.959879	1447419525742
-7.374141	22.716187	8.7532015	1447419525762
-8.465898	11.319786	6.7229185	1447419525782
-4.060566	0.7661445	-2.8921957	1447419525802
-0.8619126	-2.7581203	-0.19153613	1447419525822
1.685518	-3.715801	-1.4556746	1447419525842
3.8307228	-5.5162406	-2.96881	1447419525862
2.2218192	-2.1452048	-4.8267107	1447419525882
-0.8810662	-0.05746084	-3.6391866	1447419525902
-1.9919758	-0.24899697	-2.2601264	1447419525922
-0.019153614	0.842759	-0.019153614	1447419525942
0.36391866	2.4133554	2.585738	1447419525962
-0.78529817	4.6160207	2.4133554	1447419525982
-2.5474305	30.243555	8.331821	1447419526002
-6.742072	23.597252	5.3821654	1447419526022
-2.9496565	-7.4507556	-11.626244	1447419526042
-6.7229185	-5.7269306	-10.5919485	1447419526062
-0.019153614	5.2863975	3.1603463	1447419526082
4.175488	9.059659	2.2409728	1447419526102
10.28549	25.263617	-0.82360536	1447419526122
12.890382	39.207447	0.2681506	1447419526142
4.7500963	12.124237	19.28769	1447419526162
-1.436521	9.787497	11.013328	1447419526182
-11.166556	19.498379	-1.685518	1447419526202
-17.525557	13.962984	-9.002198	1447419526224
-1.6089035	2.1068976	13.2351465	1447419526242
4.76925	0.8810662	10.764331	1447419526262
7.8912888	4.5777135	0.1340753	1447419526282
9.557653	5.0182467	2.7581203	1447419526302
7.4124484	2.336741	-2.3558946	1447419526322
6.397307	-0.7086837	-1.7621324	1447419526342
5.9567738	-0.038307227	-0.63206923	1447419526364
7.1634517	14.901511	-3.9456444	1447419526382
8.408437	25.933992	-4.903325	1447419526402
0.17238252	34.150894	1.091756	1447419526422
-7.374141	28.634653	3.0071173	1447419526442
-8.695741	22.582111	0.61291564	1447419526462
-9.155427	20.973207	4.0222588	1447419526482
-9.883265	16.414646	6.588843	1447419526502
-7.1826053	5.439626	11.128249	1447419526523
1.5897499	-0.5746084	2.528277	1447419526542
2.9113493	0.4405331	4.9224787	1447419526562
4.098873	1.1683705	1.3215994	1447419526582
3.4859576	1.340753	-4.156334	1447419526602
-3.2752678	-1.283292	-3.0262709	1447419526622
-2.2026656	-2.3175871	-0.91937345	1447419526642
-0.2681506	-2.087744	1.283292	1447419526662
0.9959879	0.24899697	3.4476504	1447419526682
-0.11492168	10.400413	-0.019153614	1447419526702
-1.8004397	14.709975	0.9576807	1447419526722
-1.2449849	11.951855	5.899313	1447419526742
-9.308656	18.828003	9.710882	1447419526762
-4.9799395	3.620033	-2.0494366	1447419526782
-1.532289	4.903325	24.842237	1447419526802
4.8841715	-4.596867	8.408437	1447419526822
16.79772	8.42759	-11.683704	1447419526842
15.47612	37.84754	-7.0485296	1447419526864
5.899313	39.207447	2.2026656	1447419526882
1.283292	18.119318	20.207062	1447419526902
-10.97502	10.802638	6.5505357	1447419526922
-8.676587	6.2823853	-11.722012	1447419526942
-4.807557	1.0534488	-1.685518	1447419526962
-1.4173675	2.566584	5.056554	1447419526982
2.6623523	4.5777135	6.205771	1447419527002
3.5051112	4.960786	5.8801594	1447419527022
2.1068976	3.5242648	-2.5474305	1447419527042
1.7812861	0.7469909	-6.1866174	1447419527062
2.336741	2.2984335	1.7238252	1447419527086
1.6472107	4.9799395	3.8115692	1447419527102
1.2066777	6.6271505	3.1986535	1447419527122
1.8195933	8.274361	1.0534488	1447419527142
12.813767	38.345535	-0.8810662	1447419527166
8.944737	39.207447	-12.947843	1447419527182
-5.6120086	31.584309	0.5363012	1447419527202
-12.966996	25.665842	7.795521	1447419527223
-9.251195	5.439626	9.710882	1447419527242
-2.0494366	-11.204864	4.462792	1447419527262
1.7429788	-9.193734	2.873042	1447419527282
0.7469909	0.63206923	-5.209783	1447419527302
1.4748282	-6.742072	-4.596867	1447419527322
2.087744	-6.4739213	-0.63206923	1447419527342
-0.9576807	-5.133168	-2.087744	1447419527362
-1.436521	2.087744	0.5363012	1447419527382
-2.336741	3.6583402	3.0262709	1447419527402
-4.156334	5.267244	3.8498764	1447419527422
-6.2823853	8.695741	0.63206923	1447419527442
-0.24899697	20.72421	-2.8921957	1447419527462
2.6048915	14.403518	4.865018	1447419527483
3.5051112	0.15322891	4.4819455	1447419527502
-9.557653	5.93762	-30.799011	1447419527522
-3.3327289	8.983045	23.597252	1447419527542
2.681506	-4.213795	-3.2369606	1447419527565
5.9184666	-6.7229185	-9.021352	1447419527583
18.119318	3.0262709	4.5394063	1447419527602
10.97502	34.955345	-8.408437	1447419527623
-1.8962077	13.005303	15.399506	1447419527642
-17.468096	14.499286	1.3790601	1447419527662
-12.966996	8.197746	-3.86903	1447419527682
0.59376204	1.5131354	11.377247	1447419527702
1.436521	4.8267107	5.401319	1447419527722
5.1140146	5.93762	-2.27928	1447419527747
3.86903	4.405331	-0.5746084	1447419527765
3.1028855	2.9879637	1.5897499	1447419527782
2.815581	3.9839516	3.86903	1447419527802
3.2944214	7.2592196	2.6623523	1447419527822
10.726024	22.926876	-4.9416323	1447419527842
10.649409	30.607475	-6.4547677	1447419527862
2.9879637	27.56205	1.6663644	1447419527882
-5.133168	21.62443	2.585738	1447419527902
-12.583924	15.897499	10.419566	1447419527922
-7.067683	1.9919758	9.270349	1447419527942
-5.8226986	-2.1643584	6.397307	1447419527962
-2.5474305	-0.6895301	6.5122285	1447419527982
0.36391866	-3.0454245	-1.7429788	1447419528002
3.5817258	-4.865018	-4.9416323	1447419528024
4.232949	-2.6048915	-4.9416323	1447419528042
2.336741	-0.93852705	-3.5051112	1447419528062
-1.5897499	3.083732	0.9768343	1447419528082
-2.930503	5.1523223	2.566584	1447419528102
-5.209783	7.967903	1.7621324	1447419528122
-7.3549876	13.024457	0.80445176	1447419528142
-0.40222588	20.072987	4.8267107	1447419528162
-4.213795	37.636852	5.094861	1447419528182
-6.5122285	19.536686	-29.89879	1447419528202
-2.3750482	-8.197746	5.8226986	1447419528222
-1.9728222	-11.051635	2.1643584	1447419528242
2.777274	-13.005303	-6.205771	1447419528262
13.503298	-2.4708161	-4.405331	1447419528282
7.699753	39.207447	6.2249246	1447419528302
9.519346	18.310854	17.985243	1447419528322
-3.1411927	6.588843	11.511322	1447419528342
-18.713081	22.67788	-4.0222588	1447419528362
-1.6663644	3.8115692	10.496181	1447419528382
1.2641385	3.1986535	17.832014	1447419528402
3.3327289	6.933608	2.9113493	1447419528422
7.2209125	7.603985	-4.003105	1447419528442
4.9224787	3.86903	-5.0182467	1447419528462
4.0797195	1.532289	-1.934515	1447419528482
2.7006595	2.7389667	0.90021986	1447419528502
2.432509	4.7500963	4.3287168	1447419528522
4.5394063	12.966996	6.397307	1447419528542
9.346964	26.776752	9.825804	1447419528562
12.871228	38.42215	-2.815581	1447419528582
-1.685518	38.26892	-0.17238252	1447419528602
-17.06587	7.335834	11.281479	1447419528622
-8.025364	-8.082825	7.9104424	1447419528642
-6.0525417	-6.033388	4.3478703	1447419528668
-1.0342951	-3.8498764	4.3287168	1447419528682
-1.1492168	-0.095768064	-4.9416323	1447419528702
3.9264908	-3.2369606	-4.8841715	1447419528722
2.585738	-0.5746084	-2.7581203	1447419528742
-2.2026656	1.8004397	-0.1340753	1447419528762
-1.4939818	4.232949	1.7812861	1447419528782
-2.3942018	6.4164605	3.0262709	1447419528802
-5.056554	9.270349	2.930503	1447419528822
-3.6583402	18.310854	-0.6895301	1447419528842
-1.8962077	4.309563	3.5051112	1447419528862
1.283292	-17.238253	-7.833828	1447419528882
-7.699753	-28.46227	-14.480132	1447419528902
-9.021352	39.207447	27.925968	1447419528922
6.742072	21.337126	5.2863975	1447419528942
10.208876	-18.44493	0.7469909	1447419528965
13.67568	-28.960264	2.030283	1447419528986
25.34023	39.207447	2.1260512	1447419529002
-4.76925	29.343336	1.7621324	1447419529023
-26.834213	5.209783	2.2984335	1447419529042
-17.104177	4.6926355	0.47884035	1447419529062
-0.61291564	1.6472107	21.930887	1447419529082
5.305551	5.995081	1.8770541	1447419529102
8.197746	7.374141	-7.240066	1447419529122
9.251195	3.4859576	-6.933608	1447419529142
9.308656	6.4164605	4.8458643	1447419529162
7.776367	5.305551	3.0262709	1447419529182
4.4819455	5.439626	-0.7278373	1447419529202
6.1100025	24.708162	1.5131354	1447419529222
9.730036	39.207447	-1.3790601	1447419529242
0.19153613	38.709454	-0.019153614	1447419529262
-16.16565	33.327286	-3.064578	1447419529282
-9.289502	-5.133168	7.7189064	1447419529302
-0.15322891	-13.311762	2.183512	1447419529322
2.2218192	-5.66947	3.064578	1447419529342
2.3175871	-2.7581203	-5.133168	1447419529362
0.51714754	0.11492168	-4.8458643	1447419529382
1.1300632	0.4405331	-4.7500963	1447419529402
-1.8579005	0.63206923	-2.2409728	1447419529422
-4.462792	0.6703765	2.336741	1447419529442
-6.493075	5.7269306	1.5705963	1447419529462
-8.485051	7.603985	-1.0151415	1447419529482
-11.013328	11.204864	-6.2249246	1447419529502
-4.903325	19.517532	-9.461885	1447419529522
5.363012	5.3438582	16.663643	1447419529542
-2.6048915	1.1683705	-23.884556	1447419529562
-2.3175871	16.567875	-9.32781	1447419529583
-2.2218192	13.694834	10.400413	1447419529609
5.094861	-6.8569937	-0.7469909	1447419529626
26.87252	20.628443	10.726024	1447419529642
21.911734	39.207447	6.8186865	1447419529662
-22.811954	2.6048915	14.020445	1447419529682
-6.2249246	0.9768343	2.566584	1447419529702
5.7843914	-2.3175871	-3.4284968	1447419529722
5.4204726	-1.9536686	2.2984335	1447419529742
1.2449849	8.848969	5.535394	1447419529762
0.9768343	6.8186865	-1.3599066	1447419529782
-0.038307227	2.0685902	-3.5051112	1447419529802
-0.80445176	1.5705963	-0.49799395	1447419529823
2.8921957	7.067683	2.336741	1447419529848
6.5505357	14.173674	5.899313	1447419529862
11.300632	30.4734	-1.5897499	1447419529882
12.315774	38.977604	-8.42759	1447419529902
-9.883265	26.068068	4.271256	1447419529922
-8.734048	17.142485	12.220005	1447419529942
-4.0414124	-3.466804	9.653421	1447419529962
-3.064578	-8.0445175	4.3478703	1447419529982
-1.1875241	-0.61291564	2.030283	1447419530002
-4.175488	-2.0111294	-4.2904096	1447419530024
-0.9576807	-4.4436383	-6.742072	1447419530042
1.8770541	-2.0111294	-5.650316	1447419530062
-2.681506	-0.30645782	0.0	1447419530082
-2.4516625	0.49799395	2.4708161	1447419530102
-1.6472107	2.681506	3.4476504	1447419530122
-5.1140146	15.399506	-1.6472107	1447419530142
-4.3478703	26.54691	-3.3327289	1447419530162
-6.339846	39.207447	9.883265	1447419530182
-10.668563	22.582111	-24.976313	1447419530202
-3.7349546	-15.763424	6.14831	1447419530222
-0.51714754	-13.484144	2.1260512	1447419530242
10.726024	-16.836027	-8.159439	1447419530262
24.861391	-5.4779334	-8.350976	1447419530282
2.0685902	38.32638	-16.050728	1447419530302
-13.618219	18.942924	27.61951	1447419530322
-27.198132	11.415554	18.693928	1447419530342
-10.630256	1.8579005	-8.446744	1447419530366
3.9073372	0.78529817	18.157625	1447419530382
5.209783	8.178593	4.4244847	1447419530402
4.156334	6.6654577	-8.446744	1447419530422
1.8579005	5.3438582	-1.685518	1447419530442
5.439626	3.217807	3.466804	1447419530462
5.267244	4.6160207	4.9799395	1447419530482
2.5091233	6.435614	1.685518	1447419530502
3.5817258	8.6574335	-1.2641385	1447419530523
13.254301	35.56826	-10.01734	1447419530542
9.232041	37.82839	-9.519346	1447419530562
-3.6774938	25.55092	2.1643584	1447419530582
-19.498379	29.879637	9.040505	1447419530602
-13.579912	19.785683	7.1634517	1447419530622
0.30645782	-9.749189	7.9104424	1447419530642
3.5434184	-11.702858	-1.1683705	1447419530662
0.11492168	-2.6431987	-5.1523223	1447419530682
0.4213795	-6.493075	-9.040505	1447419530702
2.7964275	-6.4164605	-7.489063	1447419530722
1.1492168	-2.2409728	-6.493075	1447419530742
-0.7469909	1.3599066	2.0685902	1447419530762
-1.8387469	3.217807	2.4708161	1447419530782
-3.9073372	5.9567738	0.9768343	1447419530802
-7.6231384	11.932701	-0.095768064	1447419530822
-3.5817258	25.646688	-2.528277	1447419530842
4.8841715	11.971008	4.8458643	1447419530862
9.500193	-12.98615	-0.93852705	1447419530882
-4.271256	-16.16565	-24.899698	1447419530902
-11.109096	33.231518	20.647596	1447419530923
-2.4133554	4.501099	19.574993	1447419530942
6.6654577	-11.626244	3.1794999	1447419530962
24.669855	-4.175488	-6.8569937	1447419530982
4.5202527	32.71437	4.156334	1447419531002
-22.7928	6.0525417	11.358093	1447419531022
-24.210167	4.405331	5.650316	1447419531042
-2.815581	7.967903	9.634268	1447419531062
6.5122285	2.2218192	0.49799395	1447419531082
12.583924	7.297527	-6.493075	1447419531102
10.01734	8.350976	-3.0071173	1447419531122
1.6472107	2.1452048	-1.1492168	1447419531149
-0.19153613	3.2752678	-0.076614454	1447419531162
0.038307227	6.6079965	1.9728222	1447419531182
2.719813	15.629349	8.0445175	1447419531202
14.30775	39.207447	-10.97502	1447419531222
-1.8579005	35.395878	-1.8004397	1447419531242
-13.062764	29.879637	5.0757074	1447419531262
-17.717093	23.463177	9.11712	1447419531282
1.7812861	-20.819979	0.45968673	1447419531302
3.1794999	-9.634268	3.4859576	1447419531322
-0.51714754	-3.4093432	-1.2258313	1447419531342
-1.8770541	-3.4476504	-6.83784	1447419531362
3.0262709	-1.4939818	-6.205771	1447419531382
-1.2258313	0.6512229	-3.964798	1447419531402
-1.7238252	0.2681506	0.61291564	1447419531423
-0.9768343	1.0151415	3.86903	1447419531448
-2.3750482	7.4507556	1.934515	1447419531462
-6.301539	13.369223	-0.038307227	1447419531482
-8.2169	20.245369	-4.596867	1447419531502
-3.122039	18.464083	-7.469909	1447419531522
-4.1371803	-15.05474	-0.4405331	1447419531542
-16.816874	5.45878	-26.680984	1447419531565
-7.776367	38.42215	33.308132	1447419531582
10.821792	-6.799533	-7.144298	1447419531602
20.743364	-11.262324	-10.362105	1447419531623
33.28898	31.507694	-13.637373	1447419531642
12.277467	39.207447	-5.1140146	1447419531666
-29.458258	2.8538885	15.610195	1447419531682
-9.557653	2.7006595	-3.4476504	1447419531702
-0.22984336	5.4779334	-1.1683705	1447419531722
3.715801	1.2258313	6.5696893	1447419531742
7.4507556	5.497087	3.2561142	1447419531762
4.6160207	3.7541082	3.2944214	1447419531782
0.095768064	2.7964275	2.5091233	1447419531802
-2.834735	4.1946416	2.6431987	1447419531822
2.1452048	6.9144545	4.8267107	1447419531842
7.642292	14.039598	4.903325	1447419531862
17.468096	35.395878	-5.803545	1447419531882
20.072987	39.207447	-1.283292	1447419531902
-8.101978	22.026655	2.7964275	1447419531922
-10.955867	12.928689	4.654328	1447419531942
-13.330915	8.523358	1.340753	1447419531962
-6.6079965	-8.2169	0.842759	1447419531982
-3.5051112	2.4133554	2.815581	1447419532002
0.47884035	0.45968673	-4.462792	1447419532022
3.5051112	-5.209783	-7.6231384	1447419532042
-1.8770541	0.5746084	-6.0716953	1447419532062
-2.087744	0.61291564	-1.2449849	1447419532082
-0.91937345	1.3982137	3.0071173	1447419532102
0.32561144	3.5817258	5.497087	1447419532122
-5.554548	12.679692	1.4939818	1447419532142
-7.4507556	21.222204	0.4405331	1447419532162
-0.6703765	14.920665	3.0262709	1447419532188
-2.3558946	9.634268	0.019153614	1447419532202
-4.462792	5.9759274	1.685518	1447419532222
1.2066777	8.925584	8.963891	1447419532242
6.435614	-0.47884035	4.4819455	1447419532262
9.634268	-9.346964	-4.2904096	1447419532282
19.421764	26.489449	-6.0716953	1447419532302
10.247183	39.207447	-6.0525417	1447419532322
1.8770541	22.543802	13.541605	1447419532342
-16.338032	8.619126	9.385271	1447419532365
-3.2752678	2.8538885	-1.091756	1447419532382
2.8921957	0.5363012	8.6574335	1447419532402
2.9113493	4.9224787	7.240066	1447419532423
6.83784	5.841852	0.38307226	1447419532442
3.9456444	6.742072	3.6583402	1447419532462
2.834735	7.4124484	4.8267107	1447419532482
3.7541082	8.236053	3.7541082	1447419532502
13.67568	28.653807	-7.7189064	1447419532522
13.196839	33.59544	-11.492168	1447419532542
1.9728222	26.566063	0.11492168	1447419532562
-5.765238	22.409727	2.873042	1447419532582
-15.725117	22.73534	2.3750482	1447419532602
-9.653421	5.7269306	2.336741	1447419532622
-0.15322891	-13.101071	0.32561144	1447419532644
0.4405331	-2.2601264	3.8498764	1447419532662
3.5242648	-1.7238252	-4.76925	1447419532682
1.3599066	-2.0494366	-5.631162	1447419532702
-0.40222588	-0.40222588	-5.861006	1447419532722
-1.9919758	1.6280571	-4.5777135	1447419532742
-1.8195933	0.4405331	3.0262709	1447419532762
-0.6703765	1.8004397	3.5434184	1447419532782
-0.59376204	4.9224787	2.1452048	1447419532802
-3.2561142	9.998186	0.5746084	1447419532822
-3.8498764	22.582111	8.082825	1447419532842
-12.469003	19.536686	-4.271256	1447419532862
-17.506403	6.933608	-31.086315	1447419532882
-5.1906295	6.646304	11.147403	1447419532902
9.500193	-6.991069	-4.0414124	1447419532924
16.146496	-11.60709	-9.404425	1447419532942
25.22531	6.167464	-5.9759274	1447419532962
-6.8186865	36.564247	14.518439	1447419532982
-20.51352	9.174581	17.142485	1447419533002
-23.63556	-1.8962077	6.7612257	1447419533023
-4.0797195	2.566584	-8.350976	1447419533042
3.6966474	1.3024458	14.077906	1447419533062
4.76925	7.5848308	3.6774938	1447419533082
5.209783	6.8761473	-3.1986535	1447419533102
4.271256	3.4093432	-2.96881	1447419533122
2.3942018	4.960786	2.0685902	1447419533145
3.5434184	7.776367	3.4476504	1447419533162
4.673482	7.929596	0.842759	1447419533182
5.9567738	7.3166804	-1.1683705	1447419533202
12.679692	34.82127	-0.51714754	1447419533222
13.445837	39.207447	-1.0534488	1447419533242
-2.4516625	34.323277	-2.3750482	1447419533262
-14.5567465	25.627535	-1.8770541	1447419533282
-13.254301	-5.8226986	7.699753	1447419533302
-5.305551	-19.057846	5.0182467	1447419533324
0.24899697	-4.654328	6.6654577	1447419533342
0.78529817	-1.340753	-4.9799395	1447419533362
-0.9576807	-3.371036	-6.7803793	1447419533382
-0.38307226	-0.1340753	-5.707777	1447419533402
-0.63206923	2.2601264	-3.620033	1447419533422
-0.34476504	3.8498764	2.6240451	1447419533442
-1.340753	7.4507556	4.309563	1447419533462
-3.1411927	12.0093155	4.367024	1447419533482
-4.596867	16.701952	0.63206923	1447419533502
2.3175871	13.215993	4.3478703	1447419533524
-3.4284968	9.002198	-0.47884035	1447419533542
-18.100164	12.966996	-36.276943	1447419533562
-9.136273	13.867216	15.533581	1447419533582
7.4507556	-16.050728	-1.2258313	1447419533602
17.640478	-16.567875	-15.897499	1447419533622
29.707254	11.377247	-6.9527617	1447419533642
21.222204	39.207447	-7.4507556	1447419533662
-27.35136	7.469909	18.253393	1447419533682
-16.203957	2.1643584	-0.47884035	1447419533702
-0.4213795	1.8004397	-4.999093	1447419533724
0.80445176	-2.030283	9.883265	1447419533742
3.7732618	7.9104424	5.93762	1447419533762
4.5394063	6.339846	-3.5242648	1447419533782
2.566584	3.0262709	-3.122039	1447419533802
2.9879637	1.8004397	1.4748282	1447419533822
7.52737	4.903325	3.2944214	1447419533847
7.1634517	8.7532015	1.685518	1447419533862
10.91756	22.543802	-5.535394	1447419533882
13.713987	35.951332	-14.901511	1447419533902
-8.42759	20.053833	1.0726024	1447419533924
-18.44493	23.080105	2.7581203	1447419533943
-23.75048	29.84133	11.722012	1447419533962
1.3982137	-6.493075	0.7469909	1447419533982
0.5554548	-10.611102	-2.930503	1447419534002
-1.3024458	1.6089035	6.6079965	1447419534022
-0.49799395	-1.5514427	-2.0494366	1447419534042
3.4859576	-6.2632318	-7.144298	1447419534062
-2.2409728	-2.2601264	-4.711789	1447419534082
-2.0494366	-1.9919758	0.19153613	1447419534102
-2.432509	-0.038307227	4.711789	1447419534122
-6.0525417	7.431602	-1.091756	1447419534144
-7.699753	17.506403	-1.7046716	1447419534162
-1.9536686	22.620419	10.381259	1447419534182
-8.90643	26.853367	5.209783	1447419534202
-4.462792	1.340753	3.5242648	1447419534223
0.5554548	0.9768343	12.430696	1447419534242
6.588843	-8.772355	6.4164605	1447419534262
15.380352	-15.188815	-3.1028855	1447419534283
28.6155	39.207447	-5.2863975	1447419534302
-0.17238252	37.924156	-3.2752678	1447419534323
-11.3964	9.80665	21.566969	1447419534342
-25.28277	0.19153613	11.089942	1447419534362
-1.5705963	-1.7238252	-3.1986535	1447419534382
0.15322891	-1.1300632	14.614207	1447419534402
2.6431987	9.174581	6.7229185	1447419534422
2.719813	2.719813	-3.5242648	1447419534442
0.842759	1.8770541	1.3982137	1447419534462
-0.15322891	4.2904096	3.1603463	1447419534482
1.4939818	5.765238	3.0262709	1447419534502
3.8881836	7.0485296	0.59376204	1447419534522
5.9567738	17.104177	0.05746084	1447419534542
13.637373	37.426163	-0.90021986	1447419534562
13.982138	39.207447	-10.572795	1447419534582
-17.180792	30.339323	10.189722	1447419534602
-23.21418	20.992361	3.122039	1447419534623
-1.091756	-17.889475	6.6654577	1447419534642
2.7581203	-23.42487	3.9456444	1447419534662
-3.715801	-0.076614454	-3.7541082	1447419534682
1.8579005	0.45968673	-6.6654577	1447419534702
4.55856	0.1340753	-6.3206925	1447419534722
1.340753	-2.5474305	-2.815581	1447419534742
-1.4748282	1.9153614	-1.1109096	1447419534762
-1.9153614	5.45878	0.80445176	1447419534782
-2.4516625	8.6574335	4.7309427	1447419534802
-3.6774938	12.564771	3.5242648	1447419534822
-3.7349546	13.560759	1.3215994	1447419534842
1.1300632	-6.2632318	5.056554	1447419534862
-3.5625722	-26.489449	-9.193734	1447419534882
-6.244078	39.207447	31.277851	1447419534902
9.078813	23.597252	24.018631	1447419534923
6.205771	-19.574993	3.9264908	1447419534942
5.2863975	-28.328194	-6.6654577	1447419534962
17.506403	33.25067	-0.05746084	1447419534982
-3.9839516	39.207447	6.129156	1447419535002
-12.77546	10.630256	17.697939	1447419535023
-23.405716	-8.389283	2.4708161	1447419535042
-0.59376204	2.4133554	15.667656	1447419535062
1.8962077	3.1411927	12.488156	1447419535082
5.899313	4.3287168	-2.777274	1447419535102
5.535394	1.8770541	0.11492168	1447419535122
2.27928	3.7541082	-0.38307226	1447419535142
1.5897499	4.003105	0.34476504	1447419535162
2.815581	4.1946416	1.7812861	1447419535182
4.213795	5.5162406	-1.2449849	1447419535202
13.388376	35.587414	-9.768343	1447419535222
5.9184666	38.939297	-8.619126	1447419535242
-5.4204726	25.110388	4.654328	1447419535262
-12.603078	22.10327	5.765238	1447419535282
-14.690822	22.697033	3.0454245	1447419535302
-8.714894	13.062764	0.15322891	1447419535323
2.5091233	-9.787497	1.5514427	1447419535344
1.6663644	0.7278373	-0.15322891	1447419535362
4.9799395	-4.7500963	-6.1100025	1447419535382
3.4284968	-8.2169	-6.6654577	1447419535402
1.6280571	-4.5777135	-5.3247046	1447419535422
0.7661445	-0.82360536	1.4748282	1447419535442
0.7278373	3.1411927	5.3438582	1447419535462
-1.1492168	6.129156	7.699753	1447419535482
-8.983045	14.077906	3.8881836	1447419535502
-3.4476504	21.662737	1.6663644	1447419535522
6.244078	-4.711789	1.2641385	1447419535542
-8.312668	-17.659632	-17.774553	1447419535562
-18.464083	16.069881	-30.818165	1447419535582
2.873042	10.630256	15.610195	1447419535602
2.5091233	-12.98615	-3.9456444	1447419535623
4.673482	-13.579912	-11.856087	1447419535648
12.315774	-1.5131354	-8.599973	1447419535662
6.301539	39.207447	14.958972	1447419535682
-2.3558946	8.848969	14.863204	1447419535702
-17.927782	-3.5817258	9.825804	1447419535722
-13.101071	4.7309427	-1.6472107	1447419535742
0.59376204	-2.1452048	7.2592196	1447419535762
5.535394	3.217807	13.733141	1447419535782
2.96881	5.899313	4.2521024	1447419535802
0.7086837	2.1643584	-3.9073372	1447419535822
-0.7661445	3.4476504	2.777274	1447419535842
0.45968673	5.707777	7.489063	1447419535862
3.9839516	7.8529816	5.401319	1447419535882
14.595054	36.67917	-8.331821	1447419535902
10.91756	39.207447	-6.5122285	1447419535922
2.5474305	30.875626	1.4748282	1447419535942
-2.7581203	25.397692	1.1492168	1447419535962
-9.80665	22.658726	1.1683705	1447419535982
-7.4507556	10.43872	0.9768343	1447419536002
-6.703765	-13.2351465	3.7541082	1447419536023
-3.620033	-10.093954	7.3166804	1447419536043
-0.61291564	-8.293514	-5.592855	1447419536062
2.4899697	-9.11712	-6.397307	1447419536082
0.9576807	-3.715801	-6.3589997	1447419536102
-1.4748282	-0.8619126	-3.8115692	1447419536124
-1.1492168	1.6280571	1.2066777	1447419536142
-2.3750482	4.7309427	2.9496565	1447419536165
-5.650316	9.595961	4.2521024	1447419536187
-8.331821	15.284584	1.5705963	1447419536202
0.15322891	12.124237	-0.019153614	1447419536222
0.91937345	6.895301	6.5122285	1447419536243
-13.484144	5.0182467	-25.167849	1447419536262
-19.996372	21.62443	-17.468096	1447419536282
3.3135753	7.0102224	4.098873	1447419536302
7.7572136	-6.8761473	-13.177686	1447419536323
14.384364	-7.469909	-18.100164	1447419536342
13.158532	39.207447	14.805743	1447419536362
-6.6271505	23.233334	28.060043	1447419536382
-19.421764	2.183512	20.398598	1447419536402
-13.177686	2.8538885	-12.449849	1447419536424
4.76925	-1.8004397	9.346964	1447419536442
0.6512229	2.4708161	9.710882	1447419536462
1.934515	8.599973	8.025364	1447419536482
3.371036	10.036493	5.3821654	1447419536502
3.1603463	1.8962077	-1.7812861	1447419536524
1.9536686	1.532289	2.4899697	1447419536542
2.432509	2.777274	5.267244	1447419536562
3.9839516	3.3901896	4.098873	1447419536582
7.7572136	21.337126	1.2066777	1447419536602
15.897499	39.207447	-11.377247	1447419536622
9.998186	39.16914	-14.116213	1447419536642
-7.680599	31.584309	1.5514427	1447419536662
-23.96117	25.953146	4.865018	1447419536682
-12.277467	10.036493	-0.9768343	1447419536702
-0.7661445	-16.22311	1.8962077	1447419536723
5.305551	-15.20797	1.7621324	1447419536742
2.27928	-9.615114	-6.167464	1447419536765
1.2449849	-11.798626	-6.090849	1447419536784
0.5554548	-6.301539	-8.197746	1447419536802
-2.4899697	1.8770541	-4.7884035	1447419536822
-1.4173675	4.5202527	0.40222588	1447419536842
-0.17238252	6.2249246	3.6966474	1447419536862
1.3024458	8.063671	4.8458643	1447419536882
-3.1411927	17.985243	1.7812861	1447419536902
-0.34476504	16.606182	-1.436521	1447419536922
2.2026656	7.7572136	6.742072	1447419536942
-4.5394063	7.776367	-6.588843	1447419536962
-7.565677	20.532673	18.770542	1447419536982
2.873042	-8.90643	22.064962	1447419537002
3.3518825	-19.249382	0.30645782	1447419537023
6.5122285	-17.908628	-18.176779	1447419537042
8.236053	39.207447	1.4173675	1447419537062
3.6774938	28.213272	29.132647	1447419537082
-10.726024	-1.8004397	17.851168	1447419537102
-16.778566	6.933608	-1.7812861	1447419537122
3.2561142	0.8810662	6.205771	1447419537143
3.1794999	0.78529817	11.3964	1447419537162
3.7349546	5.497087	1.7429788	1447419537182
5.995081	6.14831	1.8004397	1447419537202
4.098873	4.0414124	-1.7812861	1447419537224
1.8962077	2.432509	-1.091756	1447419537242
0.7469909	3.4859576	1.7238252	1447419537262
0.36391866	5.094861	3.217807	1447419537282
6.6654577	20.379444	-5.171476	1447419537302
12.047623	35.83641	-10.97502	1447419537323
2.087744	38.53707	2.27928	1447419537342
-17.640478	24.191013	5.841852	1447419537362
-14.173674	17.54471	6.033388	1447419537382
-6.205771	7.3549876	2.930503	1447419537402
-2.4516625	-10.5919485	5.707777	1447419537422
-2.3942018	1.1492168	4.213795	1447419537442
-0.90021986	-0.30645782	-3.86903	1447419537462
2.8921957	-2.7581203	-6.9719152	1447419537482
3.6966474	-4.1371803	-4.8841715	1447419537502
-0.90021986	-1.2641385	-0.30645782	1447419537522
-0.61291564	1.685518	1.436521	1447419537542
-0.7661445	4.060566	2.6431987	1447419537562
-3.8115692	8.848969	3.1411927	1447419537582
-6.5505357	19.057846	3.1603463	1447419537602
-4.9416323	10.668563	9.902418	1447419537622
-23.712173	19.191921	-27.255592	1447419537642
-12.200851	14.346057	-18.732235	1447419537662
5.535394	2.0685902	12.717999	1447419537682
9.902418	-10.055647	-9.270349	1447419537702
14.978126	-9.040505	-16.357185	1447419537723
19.919758	14.901511	-6.9719152	1447419537742
-3.3518825	30.435093	20.053833	1447419537762
-10.266336	-1.3215994	23.137566	1447419537782
-16.376339	2.3558946	1.340753	1447419537802
2.4133554	0.4405331	-0.34476504	1447419537823
0.5746084	2.087744	13.484144	1447419537842
0.11492168	7.5848308	6.1100025	1447419537862
2.3175871	7.9870567	-1.2449849	1447419537882
2.4899697	2.930503	-0.91937345	1447419537902
2.1643584	2.4516625	0.8619126	1447419537924
1.9919758	3.5434184	2.8538885	1447419537942
1.7429788	4.232949	1.7429788	1447419537962
6.205771	11.319786	-3.371036	1447419537982
12.6222315	26.259604	-9.864111	1447419538002
12.488156	39.207447	-8.848969	1447419538024
-2.681506	34.782963	1.1109096	1447419538042
-22.505495	31.833305	6.3206925	1447419538062
-16.146496	21.35628	2.566584	1447419538082
-4.003105	0.90021986	2.8538885	1447419538102
4.5202527	-16.721106	2.585738	1447419538124
1.7429788	-2.0685902	0.30645782	1447419538142
-0.78529817	-5.9567738	-5.66947	1447419538162
-1.9919758	-6.4164605	-5.592855	1447419538182
-1.5514427	-2.8538885	-4.003105	1447419538202
-2.585738	1.9153614	-0.22984336	1447419538223
-2.6431987	2.8921957	1.8579005	1447419538242
-2.834735	4.4819455	1.9919758	1447419538262
-3.0454245	9.576807	-0.22984336	1447419538282
-2.0111294	16.721106	2.7389667	1447419538302
-2.0685902	35.93218	17.81286	1447419538322
-8.063671	24.363396	-26.393679	1447419538342
-7.5848308	-9.270349	2.3558946	1447419538362
-2.336741	-3.5242648	2.4133554	1447419538382
6.435614	-6.5696893	-5.631162	1447419538402
17.54471	-1.685518	-3.7349546	1447419538424
9.11712	39.207447	-18.942924	1447419538442
-2.1260512	19.460072	22.601265	1447419538462
-19.843143	7.73806	24.574087	1447419538482
-22.294806	8.121132	-1.8962077	1447419538502
2.336741	0.63206923	8.446744	1447419538522
3.8498764	1.8387469	8.063671	1447419538542
5.535394	6.244078	2.1452048	1447419538562
6.6079965	6.129156	-0.36391866	1447419538582
1.532289	-0.63206923	1.4556746	1447419538602
2.2601264	2.0111294	6.5696893	1447419538622
3.2561142	3.7924154	6.742072	1447419538642
4.2521024	6.244078	2.1260512	1447419538662
14.097059	38.402996	-13.484144	1447419538682
8.063671	39.207447	-10.419566	1447419538702
-4.462792	28.67296	1.091756	1447419538722
-19.651608	29.745562	5.7843914	1447419538749
-16.452953	26.163836	0.5746084	1447419538766
-2.834735	1.9536686	2.9879637	1447419538782
2.9496565	-19.843143	-2.030283	1447419538802
-0.8619126	-1.3599066	-2.566584	1447419538822
2.528277	-5.439626	-3.6391866	1447419538842
5.2863975	-6.588843	-5.0374002	1447419538862
2.4516625	-5.2863975	-5.3438582	1447419538882
-0.6895301	-4.0797195	0.842759	1447419538902
-1.3024458	-1.8579005	2.5091233	1447419538922
-2.566584	1.1492168	1.9919758	1447419538942
-3.9073372	3.6966474	0.22984336	1447419538962
-19.6133	23.080105	-2.834735	1447419538982
-10.01734	19.804836	-3.1028855	1447419539002
-5.45878	25.474306	19.479225	1447419539022
-11.013328	38.80522	-17.60217	1447419539042
6.8761473	-9.844957	5.995081	1447419539062
6.5505357	-4.3861775	0.6512229	1447419539082
9.634268	-11.18571	-11.358093	1447419539102
13.043611	-8.063671	-5.66947	1447419539122
-6.301539	39.207447	-4.960786	1447419539142
12.124237	30.454247	21.337126	1447419539162
-2.3750482	8.063671	16.836027	1447419539182
-19.536686	5.9759274	-3.6008794	1447419539202
-1.1875241	2.087744	9.059659	1447419539222
4.4436383	0.11492168	10.553641	1447419539242
4.3861775	1.8387469	4.807557	1447419539262
5.2289367	4.3478703	-1.1300632	1447419539282
2.873042	2.6623523	1.2641385	1447419539302
2.1452048	3.0071173	3.4859576	1447419539322
1.1109096	3.3518825	8.101978	1447419539342
1.8770541	5.707777	-0.36391866	1447419539362
4.9224787	15.8783455	-7.9870567	1447419539382
12.066776	35.108574	-12.583924	1447419539402
11.377247	39.207447	-7.8146744	1447419539424
-13.311762	21.107283	3.064578	1447419539442
-23.290794	26.929981	5.45878	1447419539462
-16.950949	24.899698	3.2561142	1447419539482
-3.083732	-4.76925	1.6663644	1447419539502
0.78529817	-2.777274	2.873042	1447419539522
-0.91937345	-2.432509	-4.175488	1447419539542
2.777274	-7.201759	-4.76925	1447419539562
4.711789	-8.408437	-3.6391866	1447419539582
1.2641385	-1.283292	-3.1028855	1447419539602
0.038307227	0.842759	-1.8387469	1447419539622
-1.4748282	0.59376204	-0.019153614	1447419539642
-3.2561142	2.3175871	1.8004397	1447419539662
-8.791509	14.135366	1.3215994	1447419539682
-9.289502	19.077	0.49799395	1447419539702
-3.8115692	16.970102	-3.064578	1447419539722
2.2409728	-2.336741	-1.0726024	1447419539742
-0.51714754	-14.250289	-2.9879637	1447419539762
-24.191013	-0.1340753	-22.582111	1447419539782
-8.848969	39.207447	24.076092	1447419539802
5.8226986	-3.064578	-3.4476504	1447419539822
7.776367	-12.334928	-1.9919758	1447419539842
17.640478	-11.262324	-0.78529817	1447419539862
26.566063	25.129541	4.501099	1447419539882
-10.381259	20.532673	13.40753	1447419539902
-18.885464	-6.033388	18.08101	1447419539923
-14.346057	-3.466804	-5.899313	1447419539942
1.091756	2.3942018	-10.400413	1447419539962
-3.0071173	8.504205	17.736246	1447419539982
1.532289	11.971008	-0.21068975	1447419540008
3.6583402	7.776367	-4.098873	1447419540022
4.003105	2.6623523	-1.3215994	1447419540043
1.8387469	1.2258313	4.6351743	1447419540062
2.3942018	7.680599	3.2944214	1447419540083
5.592855	21.605276	0.019153614	1447419540102
13.254301	34.591427	-6.3589997	1447419540124
-2.1643584	30.339323	2.1260512	1447419540142
-8.983045	24.44001	-0.9768343	1447419540162
-13.445837	24.133553	5.2289367	1447419540182
-4.213795	-6.799533	3.964798	1447419540202
-3.122039	-14.614207	5.8801594	1447419540223
-3.5242648	-3.715801	6.205771	1447419540242
-0.15322891	-0.93852705	-2.2026656	1447419540262
4.2904096	-2.6240451	-6.895301	1447419540282
1.1875241	-1.8004397	-5.6886234	1447419540303
-1.6280571	-2.930503	-3.3518825	1447419540323
-1.934515	-4.156334	0.21068975	1447419540342
-0.9576807	2.4899697	6.8761473	1447419540368
-1.685518	10.0748005	4.1180267	1447419540382
-4.9416323	20.09214	-3.964798	1447419540402
-5.9184666	27.178978	-3.083732	1447419540424
-5.631162	12.430696	-12.564771	1447419540442
-17.60217	26.221296	-24.516624	1447419540462
-3.1986535	8.063671	21.758505	1447419540482
3.6391866	-10.477027	7.73806	1447419540502
11.070788	-14.365211	-11.9135475	1447419540523
19.440918	1.2641385	-2.4708161	1447419540543
10.726024	39.207447	-7.872135	1447419540562
0.9768343	33.13575	0.61291564	1447419540582
-15.993267	1.3982137	5.3438582	1447419540602
-9.864111	5.8801594	-6.2249246	1447419540622
-2.96881	0.11492168	1.091756	1447419540642
5.8226986	8.312668	11.741165	1447419540662
7.699753	12.392388	-0.36391866	1447419540682
4.711789	5.3438582	-4.9416323	1447419540702
1.934515	0.51714754	-3.1794999	1447419540722
1.1109096	1.0342951	1.5897499	1447419540742
0.7086837	2.6240451	2.4133554	1447419540762
1.7429788	10.936713	0.7469909	1447419540782
5.209783	27.811047	-5.0374002	1447419540802
0.7086837	35.491646	-2.3558946	1447419540822
-7.297527	28.002583	-1.934515	1447419540843
-13.982138	31.96738	7.8146744	1447419540862
-13.215993	27.542896	8.101978	1447419540882
4.367024	-10.381259	5.497087	1447419540902
0.63206923	-8.983045	-0.47884035	1447419540922
-1.9919758	-2.5091233	2.930503	1447419540942
-4.960786	-3.0071173	-3.715801	1447419540962
1.0534488	-8.925584	-5.93762	1447419540982
1.1875241	-4.4436383	-5.8801594	1447419541002
0.78529817	-3.5051112	-4.175488	1447419541022
0.80445176	-1.9919758	-0.21068975	1447419541042
-0.47884035	6.6654577	3.7924154	1447419541062
-6.205771	12.794614	1.9536686	1447419541082
-12.717999	21.317972	-0.47884035	1447419541102
-8.887277	22.926876	-5.0182467	1447419541124
6.646304	-6.493075	5.554548	1447419541142
-8.101978	-6.9144545	-28.577192	1447419541162
-6.6654577	39.207447	-5.1140146	1447419541182
4.3478703	-2.27928	0.1340753	1447419541202
2.681506	-14.192827	-0.095768064	1447419541222
2.96881	-12.660539	-0.038307227	1447419541242
10.572795	6.83784	4.175488	1447419541262
8.465898	31.852459	-0.8619126	1447419541282
-7.2783732	0.47884035	14.729129	1447419541302
-17.314867	-1.8387469	9.308656	1447419541322
-5.803545	7.1251445	-2.2218192	1447419541342
-0.2873042	0.7278373	13.024457	1447419541362
2.4133554	4.8458643	5.133168	1447419541382
4.3287168	5.535394	-3.7732618	1447419541402
3.4093432	2.6048915	-1.934515	1447419541422
1.7812861	-0.30645782	0.6703765	1447419541447
0.34476504	1.8004397	0.61291564	1447419541462
-0.17238252	3.0454245	0.5363012	1447419541482
1.0342951	6.8761473	1.6663644	1447419541502
10.400413	37.426163	-6.6654577	1447419541522
3.86903	39.207447	1.340753	1447419541542
-5.45878	31.565155	4.654328	1447419541562
-11.549629	26.642677	7.2592196	1447419541582
-8.063671	12.545617	3.3518825	1447419541602
-2.9113493	-5.0182467	6.7229185	1447419541622
-0.78529817	-12.430696	3.4284968	1447419541642
-1.2066777	0.49799395	-2.183512	1447419541662
2.1643584	-2.1643584	-2.6048915	1447419541682
4.462792	-2.8921957	-5.3821654	1447419541702
0.4213795	-3.7541082	-7.52737	1447419541722
-2.7581203	-2.4708161	-0.17238252	1447419541742
-0.6703765	0.19153613	2.2409728	1447419541762
0.0	3.3901896	3.2944214	1447419541782
-2.566584	8.101978	1.7812861	1447419541802
-9.136273	24.74647	-1.283292	1447419541822
0.9768343	13.484144	8.561666	1447419541842
-1.0151415	9.825804	-2.777274	1447419541862
-8.676587	17.257406	-23.27164	1447419541882
1.7429788	4.003105	5.497087	1447419541902
2.6623523	-6.0142345	-3.1794999	1447419541922
3.3327289	-8.446744	-6.1100025	1447419541942
7.0102224	0.80445176	-0.40222588	1447419541962
4.232949	39.207447	4.309563	1447419541982
8.829816	13.8480625	10.342952	1447419542002
-9.346964	1.3982137	9.672575	1447419542022
-9.461885	5.535394	-1.2449849	1447419542042
-0.4405331	1.0342951	4.1946416	1447419542062
2.681506	3.964798	11.377247	1447419542082
4.8267107	11.166556	7.1059904	1447419542102
1.3599066	1.685518	-6.033388	1447419542122
-0.24899697	0.17238252	-0.05746084	1447419542142
-1.5897499	-0.5363012	4.1180267	1447419542162
-0.15322891	0.90021986	3.3901896	1447419542182
4.232949	16.031574	0.4213795	1447419542202
9.80665	36.296097	-5.6886234	1447419542222
11.722012	39.207447	-7.5848308	1447419542243
-0.38307226	31.90992	-5.650316	1447419542262
-15.456966	28.538885	12.564771	1447419542282
-14.633361	27.370514	4.5394063	1447419542302
-5.9567738	12.449849	0.4213795	1447419542322
0.22984336	-8.42759	5.995081	1447419542342
-0.11492168	-3.5051112	4.673482	1447419542362
-2.777274	-3.8881836	-4.7500963	1447419542388
-1.3599066	-5.899313	-7.73806	1447419542402
1.4173675	-5.3438582	-6.7803793	1447419542422
-2.7006595	-2.815581	-4.8267107	1447419542442
-1.3982137	-1.8770541	-0.4213795	1447419542462
0.0	0.49799395	1.934515	1447419542482
-0.4405331	3.86903	2.432509	1447419542502
-6.339846	17.54471	-1.5514427	1447419542522
-4.9799395	26.508602	1.7429788	1447419542542
1.4173675	17.199945	9.232041	1447419542562
7.1251445	-3.4476504	4.5394063	1447419542582
-19.211075	32.005688	-26.24045	1447419542602
-13.196839	39.01591	39.2266	1447419542622
-0.51714754	0.7469909	22.045809	1447419542642
6.6271505	-15.05474	-11.281479	1447419542662
14.824897	5.841852	-8.197746	1447419542682
18.942924	39.207447	-6.8569937	1447419542702
9.5385	33.86359	6.0142345	1447419542722
-19.517532	0.842759	9.959879	1447419542744
-10.534488	4.999093	-4.3287168	1447419542762
-2.7006595	2.6048915	0.21068975	1447419542782
0.40222588	0.34476504	7.1059904	1447419542802
7.9487495	9.557653	0.9959879	1447419542822
4.9224787	5.267244	-3.122039	1447419542842
1.0151415	0.6703765	-2.0111294	1447419542862
-0.19153613	-0.61291564	0.21068975	1447419542882
-0.095768064	4.3287168	2.9879637	1447419542902
0.90021986	6.339846	2.566584	1447419542924
2.183512	13.043611	0.7278373	1447419542942
6.301539	29.822176	-0.22984336	1447419542962
2.9113493	34.34243	-6.8569937	1447419542982
-7.201759	23.980324	4.098873	1447419543002
-12.449849	23.865402	10.630256	1447419543022
-12.220005	23.731327	7.680599	1447419543042
-3.4284968	-2.087744	6.301539	1447419543063
-1.8770541	-9.251195	0.1340753	1447419543082
-1.7812861	-2.719813	4.8841715	1447419543102
0.0	-5.746084	-5.4779334	1447419543122
2.2218192	-7.8912888	-5.5737014	1447419543142
1.5897499	-5.7269306	-5.554548	1447419543162
1.0342951	-4.3478703	-2.719813	1447419543182
2.6240451	0.1340753	2.528277	1447419543202
2.7389667	1.8770541	3.9264908	1447419543223
-0.4213795	7.795521	4.711789	1447419543242
-8.446744	18.406622	3.8881836	1447419543262
-8.0445175	17.219099	-8.063671	1447419543282
-1.340753	1.091756	-6.703765	1447419543302
-2.7389667	-15.26543	-7.8912888	1447419543322
-21.164743	13.713987	-26.54691	1447419543342
11.492168	7.8146744	1.5131354	1447419543362
7.086837	-16.721106	-3.4093432	1447419543382
1.7429788	-17.199945	-4.1180267	1447419543402
7.431602	-10.611102	1.1109096	1447419543422
10.572795	39.207447	4.5202527	1447419543442
6.2823853	25.512613	9.672575	1447419543462
-10.381259	3.7349546	11.511322	1447419543482
-16.701952	0.34476504	3.3327289	1447419543502
-2.0494366	2.4708161	0.7086837	1447419543522
-0.19153613	-1.340753	14.269443	1447419543542
2.930503	4.0222588	10.97502	1447419543562
8.121132	5.2289367	-3.1794999	1447419543582
4.1371803	2.9113493	-3.5242648	1447419543602
1.436521	1.0342951	-2.7964275	1447419543622
-0.9959879	0.59376204	-1.5514427	1447419543642
-1.3024458	2.1260512	3.4284968	1447419543662
-0.2681506	14.384364	6.167464	1447419543682
5.401319	37.94331	0.38307226	1447419543702
6.7803793	39.207447	-1.1875241	1447419543722
-6.5122285	21.930887	3.8881836	1447419543742
-5.6886234	12.98615	6.6654577	1447419543762
-2.1452048	9.576807	5.746084	1447419543782
0.6703765	0.05746084	6.3206925	1447419543802
-2.873042	1.283292	2.1643584	1447419543822
-5.401319	0.78529817	0.019153614	1447419543842
-3.964798	-1.532289	-1.8962077	1447419543862
-0.1340753	-3.371036	-2.5474305	1447419543882
-0.095768064	-4.960786	-5.6120086	1447419543902
-2.2984335	-4.960786	-3.2369606	1447419543922
-2.0494366	-4.5394063	-1.340753	1447419543942
1.0534488	-1.9728222	0.8619126	1447419543962
1.7238252	6.742072	2.585738	1447419543982
-6.0525417	15.859192	2.528277	1447419544002
-14.729129	27.2939	1.6280571	1447419544022
1.9153614	7.6231384	5.93762	1447419544042
1.0534488	4.8458643	2.8921957	1447419544062
-12.871228	32.676064	-26.24045	1447419544082
-3.4284968	24.344242	4.7309427	1447419544102
0.1340753	-13.062764	1.4556746	1447419544122
3.2561142	-11.568783	-7.5465236	1447419544142
9.346964	-1.283292	-4.7884035	1447419544162
11.683704	31.354465	-2.8921957	1447419544182
9.5385	16.64449	12.545617	1447419544202
-9.672575	5.363012	7.967903	1447419544224
-14.058752	6.83784	4.7500963	1447419544242
-11.549629	6.8761473	-0.076614454	1447419544262
2.1068976	0.7469909	9.825804	1447419544282
3.217807	3.715801	8.121132	1447419544302
4.76925	5.439626	-0.076614454	1447419544323
5.2480903	6.033388	-0.4213795	1447419544342
1.2641385	1.6089035	-2.2409728	1447419544362
0.6512229	0.7086837	-1.2066777	1447419544382
-0.22984336	2.585738	1.3215994	1447419544402
-1.1875241	4.5394063	2.7964275	1447419544422
3.1603463	14.30775	2.9496565	1447419544442
9.787497	35.20434	0.7661445	1447419544462
11.568783	39.207447	-9.32781	1447419544482
-1.1109096	30.875626	-5.056554	1447419544502
-13.503298	18.195932	11.587936	1447419544522
-6.5122285	13.809755	10.457873	1447419544542
-2.6048915	6.703765	8.082825	1447419544562
-2.5474305	-1.5705963	1.5897499	1447419544582
-4.4819455	0.7661445	3.6583402	1447419544602
-2.336741	-0.30645782	-1.2066777	1447419544622
2.087744	-1.7621324	-2.1260512	1447419544643
0.21068975	-3.6966474	-5.2863975	1447419544662
-1.4748282	-3.3327289	-3.217807	1447419544682
-0.8619126	-3.3901896	-1.283292	1447419544702
0.78529817	-1.8579005	0.34476504	1447419544722
0.6895301	5.7269306	6.244078	1447419544742
-5.3247046	16.970102	1.3599066	1447419544762
-10.726024	27.734432	-0.82360536	1447419544782
-3.1794999	19.191921	0.82360536	1447419544802
8.695741	-12.239159	2.3750482	1447419544822
-12.124237	2.4708161	-22.218191	1447419544842
-14.269443	39.207447	-0.80445176	1447419544862
-3.3135753	24.53578	12.756307	1447419544882
-1.9919758	-11.511322	-2.719813	1447419544902
1.7812861	-8.082825	-0.019153614	1447419544922
11.089942	7.4124484	-0.36391866	1447419544943
17.81286	39.207447	-3.466804	1447419544971
-1.9536686	11.33894	10.97502	1447419544982
-17.33402	7.73806	7.393295	1447419545002
-19.13446	4.8841715	6.244078	1447419545025
1.9536686	2.681506	0.38307226	1447419545050
3.6966474	6.9527617	15.188815	1447419545065
6.6271505	10.5919485	8.465898	1447419545082
8.714894	7.086837	-2.681506	1447419545102
1.0534488	0.4213795	-5.1140146	1447419545122
0.38307226	-1.2258313	-0.21068975	1447419545142
1.2258313	-1.5897499	2.4133554	1447419545162
1.340753	-1.0342951	2.7581203	1447419545182
2.4708161	9.940725	1.4939818	1447419545202
5.535394	28.3665	1.3790601	1447419545222
11.3964	39.207447	-3.4284968	1447419545242
8.983045	38.90099	-15.974113	1447419545262
-10.093954	19.517532	1.6280571	1447419545282
-14.365211	22.026655	6.301539	1447419545302
-11.60709	20.973207	6.205771	1447419545322
-1.1109096	4.960786	9.672575	1447419545342
-1.8962077	-2.528277	2.4899697	1447419545362
-3.1986535	-2.2218192	-1.1875241	1447419545382
-1.091756	-4.807557	-0.8810662	1447419545402
2.7389667	-6.646304	-2.4708161	1447419545422
0.90021986	-5.305551	-4.0414124	1447419545442
0.5554548	-5.9184666	-1.8962077	1447419545466
0.8619126	-3.6391866	0.63206923	1447419545482
0.5746084	4.0222588	2.3558946	1447419545502
-3.4859576	13.292608	0.90021986	1447419545522
-13.081918	26.834213	0.6703765	1447419545542
-9.9790325	28.864496	-0.2681506	1447419545562
9.385271	-10.515334	3.2369606	1447419545582
-0.45968673	-21.298819	-15.437813	1447419545602
-15.820885	25.589228	-29.89879	1447419545622
-7.680599	39.207447	19.55584	1447419545642
-1.7046716	-10.553641	-3.715801	1447419545662
-0.63206923	-11.300632	-5.209783	1447419545682
7.872135	-1.3982137	-7.4507556	1447419545702
17.468096	35.740643	0.2873042	1447419545722
5.841852	10.515334	17.717093	1447419545742
-14.958972	7.4507556	2.7006595	1447419545762
-16.759413	10.477027	-6.167464	1447419545782
-4.271256	6.703765	6.1866174	1447419545802
3.7924154	3.8881836	11.109096	1447419545822
6.090849	5.66947	0.17238252	1447419545848
8.504205	4.903325	-3.5434184	1447419545862
5.4779334	2.183512	-5.9759274	1447419545882
-1.8579005	-2.27928	-0.7661445	1447419545902
-2.5091233	-2.3175871	5.45878	1447419545922
-2.5091233	-1.2066777	4.367024	1447419545942
-0.9768343	4.6926355	-3.083732	1447419545962
2.5474305	19.6133	-6.1100025	1447419545982
10.5919485	39.207447	-7.7572136	1447419546002
12.469003	39.207447	-9.059659	1447419546022
-13.790602	24.420856	0.51714754	1447419546042
-20.207062	25.933992	6.301539	1447419546062
-12.871228	23.099258	4.960786	1447419546082
-4.060566	14.15452	4.5777135	1447419546102
0.45968673	-6.8761473	3.6966474	1447419546122
-1.1683705	-0.6895301	0.38307226	1447419546142
-0.5363012	-3.9456444	-4.0222588	1447419546162
0.8810662	-5.9759274	-4.865018	1447419546182
0.6512229	-4.232949	-6.3781533	1447419546202
-0.7278373	-4.9224787	-3.2369606	1447419546222
-2.0111294	-5.401319	-0.61291564	1447419546242
-0.6703765	-4.2521024	0.2873042	1447419546262
2.4516625	0.91937345	4.1371803	1447419546282
2.7964275	4.8267107	1.3982137	1447419546303
0.2873042	9.002198	0.11492168	1447419546322
-4.3861775	17.27656	2.3942018	1447419546342
-2.6431987	13.445837	3.2369606	1447419546362
-8.772355	-6.5122285	7.1826053	1447419546382
-37.713467	16.338032	-34.22751	1447419546402
-10.515334	39.207447	26.623524	1447419546422
13.369223	-8.90643	-7.144298	1447419546443
14.480132	-12.641385	-12.50731	1447419546462
10.936713	-2.3175871	-9.921572	1447419546482
-1.8387469	39.207447	7.489063	1447419546502
3.7924154	18.310854	25.531767	1447419546522
-10.381259	11.070788	17.161638	1447419546543
-16.376339	7.4507556	-1.7046716	1447419546562
0.7086837	-2.8538885	-0.5746084	1447419546582
4.1946416	0.30645782	3.9456444	1447419546602
3.7924154	5.439626	10.840945	1447419546622
4.3478703	8.312668	10.611102	1447419546648
3.3327289	0.61291564	-5.0757074	1447419546662
2.087744	-1.091756	-1.2449849	1447419546682
2.4516625	-1.4939818	1.3982137	1447419546702
0.82360536	0.63206923	1.8770541	1447419546722
-1.4556746	4.060566	-1.9536686	1447419546748
0.7661445	16.376339	-6.129156	1447419546762
6.8186865	37.809235	-11.204864	1447419546782
10.840945	39.207447	-10.247183	1447419546802
-9.500193	22.199038	0.8619126	1447419546822
-15.629349	26.068068	8.963891	1447419546843
-12.77546	27.485435	8.389283	1447419546862
-2.3558946	19.670761	5.5162406	1447419546882
9.9790325	-6.244078	-0.9768343	1447419546902
-2.183512	-2.6431987	4.1180267	1447419546922
-3.3901896	-3.5625722	-0.80445176	1447419546943
-1.1300632	-6.646304	-7.5465236	1447419546962
1.3599066	-4.098873	-6.301539	1447419546982
0.6703765	-3.3135753	-5.209783	1447419547002
-0.90021986	-5.1523223	-2.4708161	1447419547022
-1.2641385	-6.0525417	1.0342951	1447419547042
0.5554548	-4.6926355	2.719813	1447419547062
2.336741	-1.7812861	2.585738	1447419547082
2.7964275	4.8267107	1.2066777	1447419547102
-1.2641385	22.122423	4.55856	1447419547122
1.685518	24.210167	6.4739213	1447419547142
3.064578	10.304645	4.711789	1447419547162
-3.5625722	2.5091233	6.8569937	1447419547182
1.5514427	29.764715	25.244463	1447419547202
8.695741	-15.112201	1.685518	1447419547222
1.4173675	-13.139379	0.076614454	1447419547242
2.566584	-13.599066	-7.680599	1447419547262
-1.2258313	27.370514	-13.8480625	1447419547282
-10.534488	39.207447	-2.777274	1447419547302
13.158532	28.270733	8.791509	1447419547322
10.151415	7.393295	2.5474305	1447419547342
-11.089942	14.211981	10.055647	1447419547362
-10.055647	4.003105	11.377247	1447419547382
-2.4133554	-0.4213795	-2.336741	1447419547402
4.2521024	-0.8619126	5.7269306	1447419547424
3.9456444	2.9879637	9.193734	1447419547442
3.371036	5.746084	6.14831	1447419547462
2.3750482	4.8458643	1.7046716	1447419547482
0.842759	0.6703765	-0.038307227	1447419547502
0.8810662	0.30645782	4.060566	1447419547522
1.3599066	1.3215994	2.3175871	1447419547542
0.6895301	1.5705963	-1.3599066	1447419547562
-0.82360536	10.5919485	-4.5777135	1447419547582
-0.7469909	32.886753	-8.2169	1447419547602
5.3438582	39.207447	-9.883265	1447419547622
-3.1794999	36.832397	-2.0685902	1447419547642
-13.062764	23.712173	-1.6472107	1447419547662
-11.587936	25.570074	11.243171	1447419547682
-0.78529817	20.57098	3.6774938	1447419547702
4.7500963	15.05474	4.2521024	1447419547722
9.346964	1.3024458	-0.7661445	1447419547742
0.17238252	-0.78529817	3.6391866	1447419547762
-5.5737014	-5.4204726	0.5363012	1447419547782
-7.029376	-7.335834	-1.3599066	1447419547802
-3.7541082	-10.936713	-4.5777135	1447419547822
-1.2449849	-9.500193	-4.76925	1447419547842
1.0726024	-6.8761473	-4.4436383	1447419547862
4.003105	-0.34476504	0.095768064	1447419547882
2.7389667	4.405331	2.5474305	1447419547902
-0.40222588	9.557653	2.2984335	1447419547922
-3.9456444	12.411542	4.9416323	1447419547942
-4.271256	14.211981	-1.2258313	1447419547962
-0.59376204	6.991069	-1.8579005	1447419547982
-3.1411927	0.0	5.8801594	1447419548002
-22.486341	24.133553	-26.910828	1447419548022
12.411542	20.379444	-0.7278373	1447419548042
8.983045	-1.8195933	-1.8579005	1447419548062
3.3327289	-8.331821	-0.38307226	1447419548082
0.24899697	-4.1946416	-3.620033	1447419548102
-0.9576807	39.207447	-7.144298	1447419548122
10.611102	29.84133	3.4859576	1447419548142
5.765238	9.595961	10.898406	1447419548162
-4.596867	12.603078	4.2521024	1447419548182
-5.535394	4.711789	3.122039	1447419548202
1.934515	2.528277	5.0757074	1447419548222
4.213795	2.585738	3.3327289	1447419548242
1.6280571	3.9264908	1.6089035	1447419548262
0.4405331	3.8881836	4.060566	1447419548282
3.8881836	2.0494366	3.3135753	1447419548302
3.0454245	0.82360536	3.083732	1447419548322
0.5363012	-0.24899697	-0.7661445	1447419548344
-1.8004397	0.7278373	0.63206923	1447419548362
0.19153613	2.0685902	-0.038307227	1447419548382
2.0685902	5.497087	-1.7621324	1447419548402
10.28549	39.207447	-14.767436	1447419548422
5.6886234	38.077385	2.815581	1447419548443
-10.955867	27.14067	-4.1946416	1447419548462
-16.587029	19.76653	-3.5242648	1447419548485
-1.9919758	23.175873	6.4164605	1447419548502
5.4779334	24.765623	1.8962077	1447419548522
6.646304	18.732235	5.554548	1447419548542
4.3287168	12.6222315	3.8881836	1447419548566
-1.1109096	2.4899697	-0.78529817	1447419548582
-2.681506	-2.6431987	-0.038307227	1447419548602
-6.5122285	-8.121132	1.9919758	1447419548622
-7.9870567	-12.047623	-0.34476504	1447419548642
-0.78529817	-9.002198	-4.2521024	1447419548662
2.6048915	-7.642292	-5.171476	1447419548682
2.7964275	-3.7732618	-3.4093432	1447419548702
0.8810662	1.0726024	-1.0151415	1447419548722
-1.8962077	6.244078	2.6048915	1447419548742
-2.1643584	7.431602	4.098873	1447419548762
-2.0685902	9.097966	4.6160207	1447419548782
-1.3599066	9.5385	2.585738	1447419548802
-0.1340753	1.1683705	4.673482	1447419548823
-16.548721	23.367409	-2.0685902	1447419548843
-22.754494	39.207447	7.833828	1447419548863
6.3781533	-2.8921957	4.55856	1447419548882
4.807557	-7.086837	3.1603463	1447419548902
2.834735	-5.7843914	-5.094861	1447419548922
2.7964275	6.8569937	-7.201759	1447419548942
-13.426683	39.207447	7.431602	1447419548962
7.067683	14.326903	13.043611	1447419548982
5.056554	2.2601264	6.244078	1447419549002
-1.1109096	11.070788	-2.27928	1447419549022
-6.703765	8.293514	7.2592196	1447419549042
-3.7732618	3.5051112	10.170568	1447419549062
2.2601264	1.9153614	9.155427	1447419549082
2.528277	3.2944214	5.1523223	1447419549102
0.91937345	0.4405331	-2.3558946	1447419549122
1.4556746	2.0494366	-1.1300632	1447419549142
1.934515	1.8004397	0.24899697	1447419549162
0.8810662	0.17238252	-0.59376204	1447419549182
-3.4859576	-0.24899697	-0.36391866	1447419549202
-3.217807	1.0534488	-1.1492168	1447419549222
-2.6048915	1.7812861	0.11492168	1447419549242
-2.3175871	2.4133554	0.91937345	1447419549262
4.6351743	22.984337	-5.0374002	1447419549282
5.2289367	39.207447	-6.4164605	1447419549302
-4.8267107	31.048008	11.549629	1447419549322
-16.318878	21.375433	-4.4244847	1447419549343
-4.865018	13.273455	9.634268	1447419549362
1.1683705	11.358093	7.603985	1447419549382
5.267244	12.258312	1.8579005	1447419549402
-1.091756	12.679692	5.0757074	1447419549422
-5.554548	13.88637	-0.5554548	1447419549442
-5.9184666	9.653421	-2.2601264	1447419549462
-5.0182467	4.232949	-2.0111294	1447419549482
-7.5848308	-7.9870567	11.262324	1447419549502
-6.0142345	-14.84405	9.11712	1447419549522
-3.4284968	-11.224017	-2.6048915	1447419549542
1.7812861	-4.4244847	-8.868123	1447419549562
9.998186	9.155427	0.17238252	1447419549582
7.967903	14.978126	4.3861775	1447419549602
2.2601264	15.188815	5.2480903	1447419549622
-1.283292	10.879252	3.2369606	1447419549642
-3.5625722	-3.122039	4.405331	1447419549662
-4.8267107	-6.83784	-1.5705963	1447419549682
-27.638664	20.915747	-27.217285	1447419549702
-9.864111	39.207447	29.266722	1447419549722
8.580819	-0.076614454	-1.7812861	1447419549742
1.7812861	0.076614454	2.432509	1447419549762
-2.834735	1.091756	-1.7429788	1447419549782
-8.063671	32.312145	7.8146744	1447419549802
-6.0142345	33.269825	4.4819455	1447419549822
7.469909	8.944737	3.4093432	1447419549842
3.7924154	3.1603463	2.0685902	1447419549862
-0.6895301	4.7884035	-1.091756	1447419549882
-3.1986535	5.1523223	-2.0111294	1447419549902
-3.8307228	4.213795	-1.3982137	1447419549922
-1.2641385	3.4093432	1.0151415	1447419549942
0.9576807	4.9416323	5.094861	1447419549962
1.1492168	4.55856	0.9576807	1447419549982
1.5897499	4.0222588	-3.2561142	1447419550002
1.3982137	5.1140146	-3.9073372	1447419550022
1.7046716	9.921572	1.2641385	1447419550042
3.0262709	10.342952	1.6089035	1447419550062
3.083732	9.959879	-2.834735	1447419550082
0.59376204	12.124237	-4.1946416	1447419550102
-0.51714754	14.537593	2.336741	1447419550122
-0.80445176	12.737153	3.6774938	1447419550142
-1.6472107	12.603078	2.528277	1447419550162
-1.091756	13.062764	-1.0534488	1447419550182
1.4173675	10.91756	0.17238252	1447419550202
2.087744	10.43872	-0.05746084	1447419550222
1.3790601	9.768343	-0.095768064	1447419550243
0.34476504	8.791509	0.5363012	1447419550262
-0.6512229	6.8761473	2.2026656	1447419550282
-0.6512229	6.033388	2.7389667	1447419550302
-0.2873042	5.631162	2.3942018	1447419550322
0.2873042	5.6886234	0.82360536	1447419550342
1.5131354	6.531382	-0.90021986	1447419550362
3.217807	12.98615	-3.8498764	1447419550382
5.1906295	21.969194	-7.0485296	1447419550402
-3.083732	17.06587	-3.5434184	1447419550422
-9.825804	15.437813	-0.40222588	1447419550444
-7.3549876	16.4338	-2.2984335	1447419550467
-2.4708161	15.667656	-2.528277	1447419550482
2.9113493	11.760319	1.7046716	1447419550502
1.2258313	10.362105	0.9959879	1447419550522
-0.38307226	8.6574335	0.24899697	1447419550542
-1.7621324	5.6120086	-0.019153614	1447419550562
-3.8498764	3.1411927	-2.5091233	1447419550582
-3.122039	2.8538885	-2.1643584	1447419550602
-2.585738	3.5242648	-1.8387469	1447419550622
-2.566584	4.5202527	-1.2066777	1447419550644
-4.654328	8.580819	3.5434184	1447419550662
-5.209783	9.768343	4.4436383	1447419550682
-5.3438582	10.151415	3.371036	1447419550702
-4.156334	9.921572	1.5897499	1447419550722
-0.9768343	8.963891	0.7661445	1447419550742
0.24899697	8.63828	1.091756	1447419550762
0.6512229	7.7572136	3.6583402	1447419550782
-0.842759	7.1251445	6.3781533	1447419550802
-1.7429788	7.8912888	4.807557	1447419550822
-2.0685902	9.136273	2.96881	1447419550842
-1.4173675	9.9790325	2.4133554	1447419550862
-0.8619126	12.047623	4.501099	1447419550882
0.38307226	14.116213	5.8801594	1447419550902
0.11492168	11.492168	5.2289367	1447419550922
-0.4405331	5.4204726	4.6351743	1447419550943
-2.4516625	0.019153614	3.064578	1447419550962
-2.2218192	0.45968673	1.2449849	1447419550982
-0.9768343	3.3135753	0.7086837	1447419551002
0.49799395	6.7803793	1.0151415	1447419551022
-1.8387469	11.281479	2.1643584	1447419551042
-2.7581203	10.840945	2.2026656	1447419551062
-3.5051112	11.18571	1.7621324	1447419551082
-4.309563	14.346057	1.5514427	1447419551102
-5.267244	25.570074	-0.21068975	1447419551122
-0.21068975	13.273455	-0.19153613	1447419551142
4.060566	-1.5131354	2.528277	1447419551162
0.038307227	-0.8810662	0.17238252	1447419551182
1.7429788	1.4173675	-4.003105	1447419551202
-2.6623523	1.8579005	-3.9073372	1447419551222
-3.2752678	8.695741	0.59376204	1447419551242
3.0262709	15.361198	2.087744	1447419551262
3.964798	12.966996	1.0534488	1447419551282
3.1603463	9.940725	1.8579005	1447419551302
0.78529817	9.059659	0.90021986	1447419551322
-1.283292	8.561666	-4.4436383	1447419551343
-0.11492168	9.883265	-4.5202527	1447419551362
0.63206923	9.672575	-2.585738	1447419551382
-0.24899697	10.400413	0.61291564	1447419551402
-0.82360536	9.768343	4.8458643	1447419551422
-0.4405331	9.097966	4.7309427	1447419551442
-0.2873042	10.783484	2.3558946	1447419551462
0.1340753	9.921572	-0.17238252	1447419551485
-0.038307227	7.929596	-0.842759	1447419551502
-0.2873042	9.040505	-1.3215994	1447419551522
-0.095768064	9.749189	-1.1300632	1447419551542
0.47884035	10.036493	-0.6512229	1447419551562
1.2449849	9.423578	1.3599066	1447419551582
0.17238252	10.036493	1.934515	1447419551602
0.38307226	9.404425	2.1260512	1447419551622
0.842759	9.557653	1.283292	1447419551642
1.283292	10.093954	-1.9919758	1447419551662
1.0534488	9.844957	-3.3901896	1447419551682
0.30645782	9.576807	-4.156334	1447419551702
-1.9919758	10.43872	-3.8881836	1447419551722
-2.9113493	9.80665	-1.5897499	1447419551743
-2.873042	8.025364	0.22984336	1447419551762
-2.6240451	6.799533	1.0726024	1447419551784
-2.1452048	9.251195	-1.7238252	1447419551802
-1.2641385	9.864111	-2.1643584	1447419551822
-0.7469909	9.844957	-1.3215994	1447419551842
-0.78529817	10.093954	-0.45968673	1447419551862
-0.15322891	11.204864	-1.8579005	1447419551882
0.076614454	10.28549	-2.087744	1447419551902
-0.4213795	9.500193	-1.0726024	1447419551922
-0.91937345	9.232041	-0.59376204	1447419551942
-0.61291564	9.3661175	0.49799395	1447419551962
-0.34476504	9.212888	0.7086837	1447419551982
-0.32561144	8.2169	0.49799395	1447419552002
-0.63206923	8.1402855	-0.6512229	1447419552022
-1.340753	10.649409	-0.6895301	1447419552042
-1.1875241	10.802638	-0.22984336	1447419552062
-1.0342951	10.381259	0.2681506	1447419552082
-0.90021986	9.883265	-0.019153614	1447419552102
-1.436521	11.530476	-0.80445176	1447419552122
-0.80445176	9.3661175	-0.45968673	1447419552142
0.1340753	7.1059904	-0.842759	1447419552162
-1.2641385	8.810662	-1.436521	1447419552182
-1.283292	8.887277	-1.5131354	1447419552202
-1.5514427	9.097966	-1.3599066	1447419552222
-1.3982137	9.423578	-1.3599066	1447419552242
-2.2218192	10.151415	-1.7046716	1447419552262
-2.9496565	11.415554	-2.3175871	1447419552282
-2.585738	11.626244	-1.8770541	1447419552302
4.5394063	5.899313	2.0685902	1447419552322
0.019153614	10.419566	-0.076614454	1447419552342
0.6512229	9.442732	-0.2681506	1447419552362
0.61291564	9.442732	0.15322891	1447419552382
-0.11492168	9.998186	0.63206923	1447419552402
0.82360536	8.887277	1.091756	1447419552422
0.019153614	9.691729	0.40222588	1447419552442
-0.9576807	10.228029	-0.17238252	1447419552462
-0.7278373	9.346964	-0.24899697	1447419552482
-0.80445176	9.404425	-0.22984336	1447419552502
-0.7278373	9.864111	-0.1340753	1447419552522
-0.32561144	9.80665	0.038307227	1447419552542
-0.2681506	9.595961	0.49799395	1447419552562
-0.17238252	9.3661175	0.40222588	1447419552587
0.17238252	9.768343	0.24899697	1447419552604
-0.2681506	10.457873	0.24899697	1447419552622
0.05746084	10.860099	-0.45968673	1447419552642
-0.78529817	10.860099	0.8619126	1447419552662
-0.9768343	11.33894	0.19153613	1447419552682
-0.90021986	11.013328	-0.82360536	1447419552702
-0.61291564	11.415554	-0.8810662	1447419552722
-1.1875241	10.994174	1.340753	1447419552750
-0.32561144	10.572795	-0.17238252	1447419552762
-0.5746084	9.844957	-0.7278373	1447419552782
0.40222588	9.883265	-1.3790601	1447419552802
0.7469909	10.572795	1.1683705	1447419552822
1.3982137	11.415554	2.9496565	1447419552842
1.8962077	13.40753	4.0222588	1447419552862
0.7086837	10.132261	-0.9768343	1447419552882
0.6703765	10.400413	-2.0111294	1447419552902
-0.45968673	8.293514	-2.528277	1447419552922
-0.9768343	9.289502	-3.1986535	1447419552942
0.1340753	9.653421	-0.49799395	1447419552962
0.38307226	8.504205	0.9768343	1447419552982
1.8770541	11.760319	3.7732618	1447419553002
3.1794999	10.553641	5.1140146	1447419553022
1.6472107	9.691729	0.4213795	1447419553042
1.8962077	10.362105	-3.083732	1447419553062
2.585738	6.8569937	-1.4939818	1447419553082
2.0685902	9.576807	2.7389667	1447419553102
2.0494366	10.840945	-1.7238252	1447419553122
2.1068976	10.955867	1.1109096	1447419553142
1.7812861	10.70687	0.6512229	1447419553162
0.6703765	9.346964	-2.7389667	1447419553182
0.8619126	9.232041	-1.4748282	1447419553202
1.532289	10.208876	3.0262709	1447419553222
1.1683705	10.0748005	0.78529817	1447419553242
0.7278373	8.63828	-0.40222588	1447419553262
0.5746084	8.197746	-0.59376204	1447419553282
0.6703765	7.699753	-0.9959879	1447419553302
0.21068975	7.374141	-0.7278373	1447419553322
0.4405331	7.967903	1.1109096	1447419553342
0.6895301	8.082825	1.0726024	1447419553362
0.24899697	8.101978	0.7661445	1447419553382
-0.4213795	8.082825	0.32561144	1447419553402
-0.51714754	6.4739213	2.2984335	1447419553422
-0.22984336	6.6846113	1.2066777	1447419553442
0.7278373	6.7803793	0.5746084	1447419553462
0.63206923	6.5122285	0.91937345	1447419553482
0.019153614	4.865018	2.930503	1447419553502
0.22984336	5.66947	3.2944214	1447419553522
1.436521	5.305551	-1.7238252	1447419553542
-4.175488	6.4164605	13.905523	1447419553562
2.3750482	10.208876	14.84405	1447419553582
0.90021986	9.251195	9.844957	1447419553602
0.15322891	6.5505357	2.9496565	1447419553622
0.842759	4.6160207	3.5434184	1447419553642
-0.78529817	4.367024	4.6160207	1447419553662
-2.0685902	6.0525417	6.9144545	1447419553682
-2.2218192	6.339846	8.197746	1447419553702
-1.934515	6.6846113	8.714894	1447419553722
-1.7238252	7.5848308	8.121132	1447419553742
-0.9959879	7.029376	8.446744	1447419553766
-0.7661445	4.76925	9.251195	1447419553782
-0.91937345	4.6160207	9.346964	1447419553803
-1.1683705	5.1140146	8.465898	1447419553822
-1.340753	5.056554	6.3589997	1447419553842
-1.4748282	5.4204726	5.9184666	1447419553862
-0.4213795	4.7884035	8.446744	1447419553882
-0.095768064	4.462792	9.346964	1447419553902
-0.095768064	4.367024	9.749189	1447419553922
-0.36391866	4.4436383	9.940725	1447419553948
-0.22984336	4.6160207	8.868123	1447419553965
-0.05746084	4.6926355	8.350976	1447419553982
-0.076614454	4.6926355	8.714894	1447419554002
-0.076614454	4.4244847	9.212888	1447419554022
0.2681506	4.003105	9.289502	1447419554042
0.11492168	4.3478703	9.136273	1447419554062
-0.05746084	4.5777135	9.232041	1447419554082
-0.17238252	4.4244847	9.11712	1447419554102
-0.24899697	4.55856	8.6574335	1447419554122
0.17238252	4.405331	8.2169	1447419554142
0.51714754	4.3478703	7.9487495	1447419554162
-0.095768064	4.8841715	7.8146744	1447419554183
-0.24899697	4.8458643	7.872135	1447419554202
-0.17238252	4.711789	8.00621	1447419554222
-0.076614454	4.7309427	8.121132	1447419554242
0.0	4.903325	8.561666	1447419554262
0.2873042	4.8267107	8.619126	1447419554282
0.7086837	4.807557	8.619126	1447419554302
0.9576807	4.7884035	8.599973	1447419554322
0.59376204	4.6926355	9.059659	1447419554342
0.34476504	4.55856	9.212888	1447419554362
0.05746084	4.4436383	9.136273	1447419554382
-0.47884035	3.6966474	5.0374002	1447419554402
0.40222588	4.213795	9.385271	1447419554422
